#!/usr/bin/env wolframscript
(* ::Package:: *)

z1=0.4;
w1=0.0;
fp1=0.0;
fpp1=0.0;
z2=1.681784648834992;
w2=-0.7656072710097254;
fp2=-0.9270983769893987;
fpp2=-0.016578451566399966;
b={w1,fp1,fpp1,w2,fp2,fpp2};
A={{z1^5,z1^4,z1^3,z1^2,z1,1},{5*z1^4,4*z1^3,3*z1^2,2*z1,1,0},{20*z1^3,12*z1^2,6*z1,2,0,0},{z2^5,z2^4,z2^3,z2^2,z2,1},{5*z2^4,4*z2^3,3*z2^2,2*z2,1,0},{20*z2^3,12*z2^2,6*z2,2,0,0}};
Print[LinearSolve[A,b]];
