#!/usr/bin/env wolframscript
(* ::Package:: *)

z1=0.8992739554756911;
w1=0.0;
fp1=0.0;
fpp1=0.0;
z2=1.543085489117902;
w2=-0.637184072120301;
fp2=-0.9246870881123055;
fpp2=-0.01823551305149761;
b={w1,fp1,fpp1,w2,fp2,fpp2};
A={{z1^5,z1^4,z1^3,z1^2,z1,1},{5*z1^4,4*z1^3,3*z1^2,2*z1,1,0},{20*z1^3,12*z1^2,6*z1,2,0,0},{z2^5,z2^4,z2^3,z2^2,z2,1},{5*z2^4,4*z2^3,3*z2^2,2*z2,1,0},{20*z2^3,12*z2^2,6*z2,2,0,0}};
Print[LinearSolve[A,b]];
